Bayern München,34,22,7,5,73,28,+45,73
B. Leverkusen,34,21,10,3,74,36,+38,73
Hamburg,34,16,11,7,63,39,+24,59
1860 München,34,14,11,9,55,48,+7,53
Kaiserslautern,34,15,5,14,54,59,-5,50
Hertha Berlin,34,13,11,10,39,46,-7,50
Wolfsburg,34,12,13,9,51,58,-7,49
Stuttgart,34,14,6,14,44,47,-3,48
Werder Bremen,34,13,8,13,65,52,+13,47
Unterhaching,34,12,8,14,40,42,-2,44
E. Frankfurt,34,12,5,17,42,44,-2,41
B. Dortmund,34,9,13,12,41,38,+3,40
Freiburg,34,10,10,14,45,50,-5,40
Schalke 04,34,8,15,11,42,44,-2,39
Hansa Rostock,34,8,14,12,44,60,-16,38
Ulm,34,9,8,17,36,62,-26,35
A. Bielefeld,34,7,9,18,40,61,-21,30
MSV Duisburg,34,4,10,20,37,71,-34,22
