Bayern München,34,24,6,4,76,28,+48,78
B. Leverkusen,34,17,12,5,61,30,+31,63
Hertha Berlin,34,18,8,8,59,32,+27,62
B. Dortmund,34,16,9,9,48,34,+14,57
Kaiserslautern,34,17,6,11,51,47,+4,57
Wolfsburg,34,15,10,9,54,49,+5,55
Hamburg,34,13,11,10,47,46,+1,50
MSV Duisburg,34,13,10,11,48,45,+3,49
1860 München,34,11,8,15,49,56,-7,41
Schalke 04,34,10,11,13,41,54,-13,41
Stuttgart,34,9,12,13,41,48,-7,39
Freiburg,34,10,9,15,36,44,-8,39
Werder Bremen,34,10,8,16,41,47,-6,38
Hansa Rostock,34,9,11,14,49,58,-9,38
E. Frankfurt,34,9,10,15,44,54,-10,37
Nürnberg,34,7,16,11,40,50,-10,37
Bochum,34,7,8,19,40,65,-25,29
M'gladbach,34,4,9,21,41,79,-38,21
