Bayern München,34,22,10,2,68,21,+47,76
Werder Bremen,34,20,6,8,75,45,+30,66
Schalke 04,34,18,10,6,55,32,+23,64
Hamburg,34,14,12,8,47,26,+21,54
Wolfsburg,34,15,9,10,58,46,+12,54
Stuttgart,34,16,4,14,57,57,0,52
B. Leverkusen,34,15,6,13,57,40,+17,51
Hannover 96,34,13,10,11,54,56,-2,49
E. Frankfurt,34,12,10,12,43,50,-7,46
Hertha Berlin,34,12,8,14,39,44,-5,44
Karlsruher SC,34,11,10,13,38,53,-15,43
Bochum,34,10,11,13,48,54,-6,41
B. Dortmund,34,10,10,14,50,62,-12,40
Cottbus,34,9,9,16,35,56,-21,36
A. Bielefeld,34,8,10,16,35,60,-25,34
Nürnberg,34,7,10,17,35,51,-16,31
Hansa Rostock,34,8,6,20,30,52,-22,30
MSV Duisburg,34,8,5,21,36,55,-19,29
