Bayern München,34,22,9,3,67,32,+35,75
Werder Bremen,34,21,7,6,79,37,+42,70
Hamburg,34,21,5,8,53,30,+23,68
Schalke 04,34,16,13,5,47,31,+16,61
B. Leverkusen,34,14,10,10,64,49,+15,52
Hertha Berlin,34,12,12,10,52,48,+4,48
B. Dortmund,34,11,13,10,45,42,+3,46
Nürnberg,34,12,8,14,49,51,-2,44
Stuttgart,34,9,16,9,37,39,-2,43
M'gladbach,34,10,12,12,42,50,-8,42
Mainz 05,34,9,11,14,46,47,-1,38
Hannover 96,34,7,17,10,43,47,-4,38
A. Bielefeld,34,10,7,17,32,47,-15,37
E. Frankfurt,34,9,9,16,42,51,-9,36
Wolfsburg,34,7,13,14,33,55,-22,34
Kaiserslautern,34,8,9,17,47,71,-24,33
Köln,34,7,9,18,49,71,-22,30
MSV Duisburg,34,5,12,17,34,63,-29,27
