Bayern M端nchen,34,29,4,1,98,18,+80,91
B. Dortmund,34,19,9,6,81,42,+39,66
B. Leverkusen,34,19,8,7,65,39,+26,65
Schalke 04,34,16,7,11,58,50,+8,55
Freiburg,34,14,9,11,45,40,+5,51
E. Frankfurt,34,14,9,11,49,46,+3,51
Hamburg,34,14,6,14,42,53,-11,48
M'gladbach,34,12,11,11,45,49,-4,47
Hannover 96,34,13,6,15,60,62,-2,45
N端rnberg,34,11,11,12,39,47,-8,44
Wolfsburg,34,10,13,11,47,52,-5,43
Stuttgart,34,12,7,15,37,55,-18,43
Mainz 05,34,10,12,12,42,44,-2,42
Werder Bremen,34,8,10,16,50,66,-16,34
Augsburg,34,8,9,17,33,51,-18,33
Hoffenheim,34,8,7,19,42,67,-25,31
F. D端sseldorf,34,7,9,18,39,57,-18,30
Greuther F端rth,34,4,9,21,26,60,-34,21
