Bayern München,34,24,6,4,88,32,+56,78
B. Dortmund,34,23,7,4,81,44,+37,76
RB Leipzig,34,19,9,6,63,29,+34,66
B. Leverkusen,34,18,4,12,69,52,+17,58
M'gladbach,34,16,7,11,55,42,+13,55
Wolfsburg,34,16,7,11,62,50,+12,55
E. Frankfurt,34,15,9,10,60,48,+12,54
Werder Bremen,34,14,11,9,58,49,+9,53
Hoffenheim,34,13,12,9,70,52,+18,51
F. Düsseldorf,34,13,5,16,49,65,-16,44
Hertha Berlin,34,11,10,13,49,57,-8,43
Mainz 05,34,12,7,15,46,57,-11,43
Freiburg,34,8,12,14,46,61,-15,36
Schalke 04,34,8,9,17,37,55,-18,33
Augsburg,34,8,8,18,51,71,-20,32
Stuttgart,34,7,7,20,32,70,-38,28
Hannover 96,34,5,6,23,31,71,-40,21
Nürnberg,34,3,10,21,26,68,-42,19
