Bayern München,34,29,3,2,94,23,+71,90
B. Dortmund,34,22,5,7,80,38,+42,71
Schalke 04,34,19,7,8,63,43,+20,64
B. Leverkusen,34,19,4,11,60,41,+19,61
Wolfsburg,34,18,6,10,63,50,+13,60
M'gladbach,34,16,7,11,59,43,+16,55
Mainz 05,34,16,5,13,52,54,-2,53
Augsburg,34,15,7,12,47,47,0,52
Hoffenheim,34,11,11,12,72,70,+2,44
Hannover 96,34,12,6,16,46,59,-13,42
Hertha Berlin,34,11,8,15,40,48,-8,41
Werder Bremen,34,10,9,15,42,66,-24,39
E. Frankfurt,34,9,9,16,40,57,-17,36
Freiburg,34,9,9,16,43,61,-18,36
Stuttgart,34,8,8,18,49,62,-13,32
Hamburg,34,7,6,21,51,75,-24,27
Nürnberg,34,5,11,18,37,70,-33,26
Braunschweig,34,6,7,21,29,60,-31,25
