Galatasaray,34,23,6,5,86,43,+43,75
Fenerbahçe,34,21,8,5,61,25,+36,71
Trabzonspor,34,19,9,6,68,42,+26,66
İstanbulspor,34,14,12,8,60,42,+18,54
Samsunspor,34,14,7,13,42,42,0,49
Beşiktaş,34,13,9,12,56,40,+16,48
Altay,34,12,11,11,45,52,-7,47
Bursaspor,34,12,9,13,46,50,-4,45
Karabükspor,34,13,5,16,34,50,-16,44
Kocaelispor,34,12,7,15,46,46,0,43
Ç. Dardanel,34,10,11,13,37,40,-3,41
Antalyaspor,34,10,11,13,51,55,-4,41
MKE Ankaragücü,34,11,8,15,40,47,-7,41
Gençlerbirliği,34,9,11,14,41,46,-5,38
Gaziantepspor,34,9,11,14,39,44,-5,38
K. Erciyesspor,34,11,5,18,42,60,-18,38
Akyurt Şeker,34,9,9,16,41,67,-26,36
Vanspor,34,5,9,20,26,70,-44,24
