Galatasaray,34,23,9,2,85,30,+55,78
Beşiktaş,34,23,8,3,58,27,+31,77
Fenerbahçe,34,22,6,6,84,29,+55,72
Trabzonspor,34,17,7,10,48,37,+11,58
Kocaelispor,34,14,8,12,44,37,+7,50
Antalyaspor,34,14,7,13,46,47,-1,49
Gaziantepspor,34,12,12,10,51,48,+3,48
Gençlerbirliği,34,12,10,12,49,47,+2,46
İstanbulspor,34,12,7,15,48,55,-7,43
Samsunspor,34,11,8,15,38,53,-15,41
Altay,34,11,7,16,46,59,-13,40
Bursaspor,34,11,6,17,51,69,-18,39
Erzurum,34,10,9,15,40,64,-24,39
MKE Ankaragücü,34,10,8,16,45,55,-10,38
Adanaspor,34,10,8,16,37,53,-16,38
Sakaryaspor,34,9,8,17,44,52,-8,35
Ç. Dardanel,34,8,8,18,35,49,-14,32
Karabükspor,34,5,8,21,26,64,-38,23
