Galatasaray,34,23,8,3,69,24,+45,77
Fenerbahçe,34,20,8,6,61,34,+27,68
Trabzonspor,34,15,11,8,60,39,+21,56
Beşiktaş,34,15,10,9,50,39,+11,55
Eskişehirspor,34,14,8,12,42,41,+1,50
Başakşehir,34,14,8,12,48,49,-1,50
Sivasspor,34,13,11,10,57,54,+3,50
Bursaspor,34,13,10,11,44,35,+9,49
Gençlerbirliği,34,13,10,11,49,48,+1,49
Gaziantepspor,34,13,9,12,39,33,+6,48
Kayserispor,34,13,5,16,42,39,+3,44
Karabükspor,34,13,5,16,44,56,-12,44
Mersin İ.Y.,34,12,6,16,34,45,-11,42
Orduspor,34,10,12,12,28,34,-6,42
Antalyaspor,34,10,9,15,32,42,-10,39
Samsunspor,34,9,9,16,36,47,-11,36
Manisaspor,34,8,8,18,31,52,-21,32
MKE Ankaragücü,34,2,5,27,22,77,-55,11
