Galatasaray,34,21,8,5,66,35,+31,71
Fenerbahçe,34,18,7,9,56,39,+17,61
Beşiktaş,34,16,10,8,63,49,+14,58
Bursaspor,34,14,13,7,52,41,+11,55
Kayserispor,34,15,7,12,48,45,+3,52
Kasımpaşa,34,14,8,12,48,37,+11,50
Antalyaspor,34,14,5,15,50,52,-2,47
Eskişehirspor,34,11,13,10,48,40,+8,46
Trabzonspor,34,13,7,14,39,40,-1,46
Gaziantepspor,34,12,10,12,42,49,-7,46
Gençlerbirliği,34,10,15,9,46,47,-1,45
Sivasspor,34,12,8,14,42,46,-4,44
Elazığspor,34,10,13,11,31,46,-15,43
Akhisarspor,34,11,9,14,36,44,-8,42
Karabükspor,34,11,7,16,41,53,-12,40
Başakşehir,34,9,9,16,43,50,-7,36
Orduspor,34,6,11,17,35,51,-16,29
Mersin İ.Y.,34,4,10,20,31,53,-22,22
