Fenerbahçe,34,23,7,4,82,41,+41,76
Trabzonspor,34,22,6,6,60,38,+22,72
Beşiktaş,34,18,8,8,65,45,+20,62
Gaziantepspor,34,18,3,13,52,51,+1,57
Denizlispor,34,17,4,13,52,43,+9,55
Galatasaray,34,15,9,10,56,47,+9,54
Samsunspor,34,13,7,14,46,47,-1,46
Malatyaspor,34,11,12,11,51,40,+11,45
MKE Ankaragücü,34,13,6,15,48,53,-5,45
Gençlerbirliği,34,12,8,14,56,52,+4,44
Konyaspor,34,10,14,10,53,54,-1,44
Diyarbakırspor,34,12,7,15,44,54,-10,43
A. Sebatspor,34,11,9,14,45,53,-8,42
Ç. Rizespor,34,13,3,18,37,53,-16,42
İstanbulspor,34,11,8,15,46,45,+1,41
Bursaspor,34,10,10,14,40,40,0,40
Adanaspor,34,6,4,24,38,73,-35,22
Elazığspor,34,5,7,22,37,79,-42,22
