Fenerbahçe,34,20,10,4,65,31,+34,70
Beşiktaş,34,18,7,9,43,32,+11,61
Galatasaray,34,15,11,8,58,37,+21,56
Trabzonspor,34,15,7,12,54,44,+10,52
Kayserispor,34,13,12,9,54,43,+11,51
Gençlerbirliği,34,14,6,14,43,42,+1,48
Sivasspor,34,14,6,14,41,44,-3,48
Ankaraspor,34,10,17,7,43,38,+5,47
Konyaspor,34,12,9,13,42,44,-2,45
Bursaspor,34,12,9,13,36,42,-6,45
Gaziantepspor,34,11,10,13,31,39,-8,43
Manisaspor,34,11,9,14,41,45,-4,42
MKE Ankaragücü,34,11,9,14,32,39,-7,42
Denizlispor,34,9,14,11,33,40,-7,41
Ç. Rizespor,34,11,7,16,34,40,-6,40
Antalyaspor,34,8,15,11,32,36,-4,39
K. Erciyesspor,34,9,10,15,29,49,-20,37
Sakaryaspor,34,4,10,20,25,51,-26,22
