Galatasaray,34,24,5,5,60,35,+25,77
Fenerbahçe,34,22,8,4,60,29,+31,74
Beşiktaş,34,21,6,7,55,32,+23,69
Başakşehir,34,15,14,5,49,30,+19,59
Trabzonspor,34,15,12,7,58,48,+10,57
Bursaspor,34,16,9,9,69,44,+25,57
Mersin İ.Y.,34,13,8,13,54,48,+6,47
Konyaspor,34,12,10,12,30,39,-9,46
Gençlerbirliği,34,10,10,14,46,44,+2,40
Gaziantepspor,34,11,7,16,31,48,-17,40
Eskişehirspor,34,9,12,13,45,52,-7,39
Akhisarspor,34,9,11,14,41,51,-10,38
Kasımpaşa,34,9,10,15,56,73,-17,37
Ç. Rizespor,34,9,9,16,41,55,-14,36
Sivasspor,34,9,9,16,43,50,-7,36
Karabükspor,34,7,7,20,44,64,-20,28
K. Erciyesspor,34,5,12,17,43,62,-19,27
Balıkesirspor,34,6,9,19,48,69,-21,27
