Galatasaray,34,24,6,4,75,31,+44,78
Fenerbahçe,34,24,3,7,70,31,+39,75
Beşiktaş,34,18,8,8,69,39,+30,62
MKE Ankaragücü,34,15,8,11,72,58,+14,53
Denizlispor,34,12,12,10,65,52,+13,48
Gaziantepspor,34,13,9,12,57,52,+5,48
Göztepe,34,12,9,13,38,56,-18,45
Gençlerbirliği,34,11,12,11,47,51,-4,45
İstanbulspor,34,12,8,14,33,38,-5,44
Bursaspor,34,13,5,16,48,60,-12,44
Kocaelispor,34,12,7,15,45,60,-15,43
Diyarbakırspor,34,10,10,14,41,50,-9,40
Malatyaspor,34,11,7,16,34,50,-16,40
Trabzonspor,34,11,7,16,49,60,-11,40
Samsunspor,34,10,8,16,32,43,-11,38
Ç. Rizespor,34,9,10,15,43,51,-8,37
Antalyaspor,34,9,10,15,46,61,-15,37
Yozgat 1959,34,6,9,19,46,67,-21,27
