Beşiktaş,34,23,8,3,73,30,+43,77
Başakşehir,34,21,10,3,63,28,+35,73
Fenerbahçe,34,18,10,6,60,32,+28,64
Galatasaray,34,20,4,10,65,40,+25,64
Antalyaspor,34,17,7,10,47,40,+7,58
Trabzonspor,34,14,9,11,39,34,+5,51
Akhisarspor,34,14,6,14,46,42,+4,48
Gençlerbirliği,34,12,10,12,33,34,-1,46
Konyaspor,34,11,10,13,40,45,-5,43
Kasımpaşa,34,12,7,15,46,50,-4,43
Karabükspor,34,12,7,15,38,48,-10,43
Alanyaspor,34,12,4,18,54,65,-11,40
Ankaraspor,34,9,11,14,37,45,-8,38
Bursaspor,34,11,5,18,34,58,-24,38
Kayserispor,34,10,8,16,47,58,-11,38
Ç. Rizespor,34,10,6,18,44,53,-9,36
Gaziantepspor,34,7,5,22,30,65,-35,26
Adanaspor,34,6,7,21,33,62,-29,25
