Galatasaray,34,20,9,5,72,36,+36,69
Başakşehir,34,19,10,5,49,22,+27,67
Beşiktaş,34,19,8,7,72,46,+26,65
Trabzonspor,34,18,9,7,64,46,+18,63
Yeni Malatya,34,13,8,13,47,46,+1,47
Fenerbahçe,34,11,13,10,44,44,0,46
Antalyaspor,34,13,6,15,39,55,-16,45
Konyaspor,34,9,17,8,40,38,+2,44
Alanyaspor,34,12,8,14,37,43,-6,44
Kayserispor,34,10,11,13,35,50,-15,41
Ç. Rizespor,34,9,14,11,48,50,-2,41
Sivasspor,34,10,11,13,49,54,-5,41
MKE Ankaragücü,34,11,7,16,38,53,-15,40
Kasımpaşa,34,11,6,17,53,62,-9,39
Göztepe,34,11,5,18,37,42,-5,38
Bursaspor,34,7,16,11,28,37,-9,37
BB Erzurumspor,34,8,11,15,36,43,-7,35
Akhisarspor,34,6,9,19,33,54,-21,27
