Başakşehir,34,20,9,5,65,34,+31,69
Trabzonspor,34,18,11,5,76,42,+34,65
Beşiktaş,34,19,5,10,59,40,+19,62
Sivasspor,34,17,9,8,55,38,+17,60
Alanyaspor,34,16,9,9,61,37,+24,57
Galatasaray,34,15,11,8,55,37,+18,56
Fenerbahçe,34,15,8,11,58,46,+12,53
Gaziantep FK,34,11,13,10,49,50,-1,46
Antalyaspor,34,11,12,11,41,52,-11,45
Kasımpaşa,34,12,7,15,53,58,-5,43
Göztepe,34,11,9,14,44,49,-5,42
Gençlerbirliği,34,9,9,16,39,56,-17,36
Konyaspor,34,8,12,14,36,52,-16,36
Denizlispor,34,9,8,17,31,48,-17,35
Ç. Rizespor,34,10,5,19,38,57,-19,35
Yeni Malatya,34,8,8,18,44,51,-7,32
Kayserispor,34,8,8,18,40,72,-32,32
MKE Ankaragücü,34,7,11,16,31,56,-25,32
