Beşiktaş,34,26,7,1,63,21,+42,85
Galatasaray,34,24,5,5,61,27,+34,77
Gençlerbirliği,34,19,9,6,76,40,+36,66
Gaziantepspor,34,16,9,9,61,41,+20,57
Malatyaspor,34,14,10,10,56,45,+11,52
Fenerbahçe,34,13,12,9,55,42,+13,51
Trabzonspor,34,13,12,9,44,33,+11,51
MKE Ankaragücü,34,15,4,15,44,42,+2,49
İstanbulspor,34,12,7,15,42,47,-5,43
Denizlispor,34,10,10,14,37,42,-5,40
Adanaspor,34,10,10,14,44,54,-10,40
Samsunspor,34,10,9,15,42,59,-17,39
Elazığspor,34,10,7,17,40,59,-19,37
Diyarbakırspor,34,9,9,16,34,47,-13,36
Bursaspor,34,9,9,16,42,62,-20,36
Altay,34,9,8,17,48,69,-21,35
Göztepe,34,5,11,18,32,57,-25,26
Kocaelispor,34,6,4,24,32,66,-34,22
