Fenerbahçe,34,26,4,4,84,34,+50,82
Trabzonspor,34,25,7,2,69,23,+46,82
Bursaspor,34,17,10,7,50,29,+21,61
Gaziantepspor,34,17,8,9,44,33,+11,59
Beşiktaş,34,15,9,10,53,36,+17,54
Kayserispor,34,14,9,11,46,44,+2,51
Eskişehirspor,34,12,11,11,41,40,+1,47
Galatasaray,34,14,4,16,41,46,-5,46
Karabükspor,34,12,8,14,46,53,-7,44
Manisaspor,34,13,4,17,49,52,-3,43
Antalyaspor,34,10,12,12,41,48,-7,42
Başakşehir,34,12,6,16,40,45,-5,42
MKE Ankaragücü,34,10,11,13,52,62,-10,41
Gençlerbirliği,34,10,10,14,43,51,-8,40
Sivasspor,34,8,11,15,43,57,-14,35
Bucaspor,34,6,8,20,37,65,-28,26
Konyaspor,34,4,12,18,28,49,-21,24
Kasımpaşa,34,5,8,21,31,71,-40,23
