Fenerbahçe,34,24,4,6,82,39,+43,76
Galatasaray,34,23,4,7,77,35,+42,73
Gaziantepspor,34,20,8,6,67,40,+27,68
Beşiktaş,34,19,7,8,68,48,+20,64
Trabzonspor,34,17,7,10,69,52,+17,58
MKE Ankaragücü,34,16,8,10,65,59,+6,56
Yozgat 1959,34,13,10,11,55,46,+9,49
Samsunspor,34,13,9,12,55,52,+3,48
Ç. Rizespor,34,13,7,14,45,43,+2,46
Gençlerbirliği,34,14,4,16,44,53,-9,46
Denizlispor,34,12,9,13,53,56,-3,45
İstanbulspor,34,12,8,14,47,58,-11,44
Kocaelispor,34,10,11,13,56,60,-4,41
Bursaspor,34,11,7,16,55,60,-5,40
Antalyaspor,34,9,9,16,45,64,-19,36
Siirt,34,6,6,22,47,81,-34,24
Erzurum,34,5,6,23,36,80,-44,21
Adanaspor,34,2,10,22,51,91,-40,16
