Beşiktaş,34,21,8,5,60,30,+30,71
Sivasspor,34,19,9,6,54,28,+26,66
Trabzonspor,34,19,8,7,54,34,+20,65
Fenerbahçe,34,18,7,9,60,36,+24,61
Galatasaray,34,18,7,9,57,39,+18,61
Bursaspor,34,16,10,8,47,36,+11,58
Kayserispor,34,13,11,10,38,26,+12,50
Gaziantepspor,34,12,11,11,46,48,-2,47
Başakşehir,34,12,6,16,37,46,-9,42
Ankaraspor,34,11,8,15,36,42,-6,41
Eskişehirspor,34,10,10,14,45,49,-4,40
Antalyaspor,34,10,10,14,34,42,-8,40
MKE Ankaragücü,34,11,6,17,36,47,-11,39
Gençlerbirliği,34,10,8,16,38,50,-12,38
Denizlispor,34,11,5,18,39,52,-13,38
Konyaspor,34,10,8,16,35,46,-11,38
Kocaelispor,34,8,5,21,47,73,-26,29
Hacettepe,34,5,7,22,24,63,-39,22
